1->JHipster
2->Hibernate2ndLvlCache
3->HazelCast
4->EhCache
5->Server
6->MicroserviceApplication
7->UaaServer
8->BackEnd
9->Gradle
10->Maven
11->Generator
12->Authentication
13->SocialLogin
14->Database
15->SpringWebSockets
16->Libsass
17->ClusteredSession
18->InternationalizationSupport
19->Docker
20->TestingFrameworks
21->Production
22->MySQL
23->MariaDB
24->PostgreSQL
25->SQL
26->Cassandra
27->MongoDB
28->Development
29->H2
30->PostgreSQLDev
31->MariaDBDev
32->MySQLDev
33->DiskBased
34->InMemory
35->ElasticSearch
36->HTTPSession
37->OAuth2
38->Uaa
39->JWT
40->Protractor
41->Gatling
42->Cucumber
43->Application
44->MicroserviceGateway
45->Monolithic
1;2;3;-4;5;-6;7;8;9;-10;11;12;-13;14;-15;-16;-17;-18;19;20;21;-22;-23;24;25;-26;-27;28;29;-30;-31;-32;-33;34;35;-36;-37;38;-39;-40;41;42;-43;-44;-45;
1;-2;-3;-4;-5;-6;-7;8;-9;10;11;12;13;14;15;16;17;18;-19;20;-21;-22;-23;-24;-25;-26;27;-28;-29;-30;-31;-32;-33;-34;-35;-36;-37;-38;39;40;41;42;43;-44;45;
1;-2;-3;-4;5;-6;7;8;-9;10;11;12;-13;14;-15;-16;-17;-18;19;20;-21;-22;-23;-24;-25;-26;27;-28;-29;-30;-31;-32;-33;-34;-35;-36;-37;38;-39;-40;41;42;-43;-44;-45;
1;2;-3;4;-5;-6;-7;8;9;-10;11;12;13;14;15;16;17;18;-19;20;21;-22;23;-24;25;-26;-27;28;29;-30;-31;-32;33;-34;35;36;-37;-38;-39;40;41;42;43;-44;45;
1;2;-3;4;5;-6;7;8;-9;10;11;12;-13;14;-15;-16;-17;18;-19;20;21;-22;23;-24;25;-26;-27;28;29;-30;-31;-32;33;-34;35;-36;-37;38;-39;-40;41;42;-43;-44;-45;
1;-2;-3;-4;-5;-6;-7;8;9;-10;11;12;13;14;15;16;-17;-18;19;20;-21;-22;-23;-24;-25;-26;27;-28;-29;-30;-31;-32;-33;-34;-35;36;-37;-38;-39;40;41;42;43;-44;45;
1;-2;-3;-4;-5;-6;-7;8;9;-10;11;12;-13;14;15;16;17;-18;19;20;-21;-22;-23;-24;-25;-26;27;-28;-29;-30;-31;-32;-33;-34;-35;-36;37;-38;-39;40;41;42;43;-44;45;
1;2;3;-4;5;6;-7;8;-9;10;11;12;-13;14;-15;-16;-17;18;-19;20;21;22;-23;-24;25;-26;-27;28;29;-30;-31;-32;-33;34;35;-36;-37;38;-39;-40;41;42;-43;-44;-45;
1;-2;-3;-4;5;6;-7;8;-9;10;11;12;-13;-14;-15;-16;-17;18;19;20;-21;-22;-23;-24;-25;-26;-27;-28;-29;-30;-31;-32;-33;-34;-35;-36;-37;-38;39;-40;41;42;-43;-44;-45;
1;2;-3;4;-5;-6;-7;8;9;-10;11;12;13;14;15;16;-17;-18;-19;20;21;22;-23;-24;25;-26;-27;28;29;-30;-31;-32;-33;34;35;36;-37;-38;-39;40;41;42;43;-44;45;
1;2;3;-4;-5;-6;-7;8;-9;10;11;12;-13;14;15;16;17;-18;-19;20;21;22;-23;-24;25;-26;-27;28;29;-30;-31;-32;-33;34;35;-36;37;-38;-39;40;41;42;43;-44;45;
1;-2;-3;-4;5;6;-7;8;9;-10;11;12;-13;-14;-15;-16;-17;18;19;20;-21;-22;-23;-24;-25;-26;-27;-28;-29;-30;-31;-32;-33;-34;-35;-36;-37;-38;39;-40;41;42;-43;-44;-45;
1;-2;-3;-4;5;-6;7;8;9;-10;11;12;-13;14;-15;-16;-17;-18;-19;20;-21;-22;-23;-24;-25;26;-27;-28;-29;-30;-31;-32;-33;-34;-35;-36;-37;38;-39;-40;41;42;-43;-44;-45;
1;2;-3;4;-5;-6;-7;8;-9;10;11;12;-13;14;15;16;17;18;19;20;21;-22;23;-24;25;-26;-27;28;29;-30;-31;-32;-33;34;35;-36;-37;-38;39;40;41;42;43;44;-45;
1;-2;-3;-4;5;6;-7;8;9;-10;11;12;-13;-14;-15;-16;-17;-18;19;20;-21;-22;-23;-24;-25;-26;-27;-28;-29;-30;-31;-32;-33;-34;-35;-36;-37;38;-39;-40;41;42;-43;-44;-45;
1;2;-3;4;-5;-6;-7;8;-9;10;11;12;-13;14;15;-16;17;18;-19;20;21;-22;-23;24;25;-26;-27;28;29;-30;-31;-32;-33;34;35;-36;37;-38;-39;40;41;42;43;-44;45;
1;-2;-3;-4;5;-6;7;8;9;-10;11;12;-13;14;-15;-16;-17;-18;19;20;-21;-22;-23;-24;-25;26;-27;-28;-29;-30;-31;-32;-33;-34;-35;-36;-37;38;-39;-40;41;42;-43;-44;-45;
1;2;-3;4;-5;-6;-7;8;-9;10;11;12;13;14;15;16;17;18;-19;20;21;-22;-23;24;25;-26;-27;28;-29;30;-31;-32;-33;-34;-35;36;-37;-38;-39;40;41;42;43;-44;45;
1;-2;-3;-4;5;-6;7;8;-9;10;11;12;-13;14;-15;-16;-17;-18;-19;20;21;-22;-23;24;25;-26;-27;28;29;-30;-31;-32;33;-34;-35;-36;-37;38;-39;-40;41;42;-43;-44;-45;
1;2;-3;4;-5;-6;-7;8;9;-10;11;12;13;14;15;16;17;18;19;20;21;22;-23;-24;25;-26;-27;28;-29;-30;-31;32;-33;-34;35;-36;-37;-38;39;40;41;42;43;-44;45;
1;-2;-3;-4;5;6;-7;8;9;-10;11;12;-13;-14;-15;-16;-17;18;-19;20;-21;-22;-23;-24;-25;-26;-27;-28;-29;-30;-31;-32;-33;-34;-35;-36;-37;-38;39;-40;41;42;-43;-44;-45;
1;2;3;-4;-5;-6;-7;8;-9;10;11;12;13;14;-15;-16;17;-18;19;20;21;22;-23;-24;25;-26;-27;28;29;-30;-31;-32;33;-34;35;36;-37;-38;-39;40;41;42;43;-44;45;
1;2;3;-4;-5;-6;-7;8;-9;10;11;12;-13;14;15;16;17;-18;-19;20;21;-22;23;-24;25;-26;-27;28;29;-30;-31;-32;-33;34;-35;-36;37;-38;-39;40;41;42;43;-44;45;
1;2;-3;4;5;6;-7;8;9;-10;11;12;-13;14;-15;-16;-17;18;19;20;21;-22;-23;24;25;-26;-27;28;-29;30;-31;-32;-33;-34;35;-36;-37;-38;39;-40;41;42;-43;-44;-45;
1;2;-3;4;5;6;-7;8;-9;10;11;12;-13;14;-15;-16;-17;-18;19;20;21;-22;23;-24;25;-26;-27;28;29;-30;-31;-32;33;-34;-35;-36;-37;-38;39;-40;41;42;-43;-44;-45;
1;-2;-3;-4;-5;-6;-7;8;9;-10;11;12;-13;14;15;16;-17;18;-19;20;-21;-22;-23;-24;-25;26;-27;-28;-29;-30;-31;-32;-33;-34;-35;-36;-37;38;-39;40;41;42;43;44;-45;
1;-2;-3;-4;-5;-6;-7;8;-9;10;11;12;-13;14;15;16;17;-18;-19;20;-21;-22;-23;-24;-25;26;-27;-28;-29;-30;-31;-32;-33;-34;-35;-36;-37;-38;39;40;41;42;43;44;-45;
1;2;-3;4;5;-6;7;8;9;-10;11;12;-13;14;-15;-16;-17;-18;19;20;21;22;-23;-24;25;-26;-27;28;-29;-30;-31;32;-33;-34;35;-36;-37;38;-39;-40;41;42;-43;-44;-45;
1;-2;-3;-4;5;-6;7;8;-9;10;11;12;-13;14;-15;-16;-17;18;19;20;21;22;-23;-24;25;-26;-27;28;-29;-30;-31;32;-33;-34;35;-36;-37;38;-39;-40;41;42;-43;-44;-45;
1;2;-3;4;-5;-6;-7;8;9;-10;11;12;13;14;15;16;17;18;-19;20;21;-22;-23;24;25;-26;-27;28;29;-30;-31;-32;33;-34;-35;-36;-37;-38;39;40;41;42;43;-44;45;
1;2;3;-4;5;-6;7;8;-9;10;11;12;-13;14;-15;-16;-17;18;-19;20;21;-22;23;-24;25;-26;-27;28;-29;-30;31;-32;-33;-34;-35;-36;-37;38;-39;-40;41;42;-43;-44;-45;
1;-2;-3;-4;-5;-6;-7;8;9;-10;11;12;-13;14;15;-16;17;-18;19;20;21;22;-23;-24;25;-26;-27;28;29;-30;-31;-32;33;-34;35;-36;-37;-38;39;40;41;42;43;44;-45;
1;2;3;-4;5;-6;7;8;9;-10;11;12;-13;14;-15;-16;-17;18;-19;20;21;-22;-23;24;25;-26;-27;28;-29;30;-31;-32;-33;-34;-35;-36;-37;38;-39;-40;41;42;-43;-44;-45;
1;2;-3;4;-5;-6;-7;8;-9;10;11;12;-13;14;15;16;17;-18;19;20;21;-22;23;-24;25;-26;-27;28;-29;-30;31;-32;-33;-34;35;-36;-37;-38;39;40;41;42;43;44;-45;
1;-2;-3;-4;5;6;-7;8;-9;10;11;12;-13;14;-15;-16;-17;-18;19;20;21;-22;-23;24;25;-26;-27;28;-29;30;-31;-32;-33;-34;35;-36;-37;-38;39;-40;41;42;-43;-44;-45;
1;2;3;-4;-5;-6;-7;8;9;-10;11;12;13;14;-15;-16;17;18;-19;20;21;-22;23;-24;25;-26;-27;28;29;-30;-31;-32;33;-34;-35;36;-37;-38;-39;40;41;42;43;-44;45;
1;2;-3;4;-5;-6;-7;8;-9;10;11;12;13;14;15;-16;-17;-18;-19;20;21;-22;-23;24;25;-26;-27;28;-29;30;-31;-32;-33;-34;-35;36;-37;-38;-39;40;41;42;43;-44;45;
1;2;3;-4;-5;-6;-7;8;9;-10;11;12;-13;14;-15;16;17;18;19;20;21;22;-23;-24;25;-26;-27;28;29;-30;-31;-32;-33;34;35;-36;-37;38;-39;40;41;42;43;44;-45;
1;2;3;-4;-5;-6;-7;8;-9;10;11;12;13;14;-15;16;17;18;19;20;21;-22;23;-24;25;-26;-27;28;-29;-30;31;-32;-33;-34;35;36;-37;-38;-39;40;41;42;43;-44;45;
1;2;3;-4;-5;-6;-7;8;9;-10;11;12;13;14;15;16;17;-18;-19;20;21;22;-23;-24;25;-26;-27;28;-29;-30;-31;32;-33;-34;35;36;-37;-38;-39;40;41;42;43;-44;45;
